79    4
1  70 
1  54 
54  17 
17  8 
1  44 
17  9 
17  42 
54  3 
8  37 
8  5 
3  43 
3  30 
70  32 
1  29 
54  25 
1  31 
44  59 
31  4 
4  68 
43  79 
54  7 
42  41 
29  39 
17  33 
41  10 
30  66 
10  11 
70  20 
59  38 
17  6 
8  67 
7  76 
68  57 
29  49 
41  52 
70  2 
30  50 
31  69 
25  63 
37  34 
6  56 
6  75 
4  53 
7  45 
38  22 
22  65 
1  40 
22  73 
30  16 
63  47 
56  74 
59  51 
10  58 
8  62 
30  15 
67  13 
62  28 
70  77 
4  21 
42  61 
62  36 
41  27 
21  12 
43  18 
40  78 
9  46 
4  60 
41  19 
17  23 
34  71 
5  48 
16  24 
61  26 
20  72 
37  14 
28  35 
77  55 
27  64 




59 66
5 50
10 12
51 54
46 48
46 6
32 74
34 65
7 66
7 19
16 76
22 20
29 39
50 9
35 22
71 68
8 51
38 18
62 63
46 3
6 12
8 38
6 17
77 66
57 58
5 72
54 2
12 57
15 61
40 50
