0 64 192 128 384 448 320 256 768 832 960 896 640 704 576 512 1536 1600 1728 1664 1920 1984 1856 1792 1280 1344 1472 1408 1152 1216 1088 1024 3072 3136 3264 3200 3456 3520 3392 3328 3840 3904 4032 3968 3712 3776 3648 3584 2560 2624 2752 2688 2944 3008 2880 2816 2304 2368 2496 2432 2176 2240 2112 2048 
1 65 193 129 385 449 321 257 769 833 961 897 641 705 577 513 1537 1601 1729 1665 1921 1985 1857 1793 1281 1345 1473 1409 1153 1217 1089 1025 3073 3137 3265 3201 3457 3521 3393 3329 3841 3905 4033 3969 3713 3777 3649 3585 2561 2625 2753 2689 2945 3009 2881 2817 2305 2369 2497 2433 2177 2241 2113 2049 
3 67 195 131 387 451 323 259 771 835 963 899 643 707 579 515 1539 1603 1731 1667 1923 1987 1859 1795 1283 1347 1475 1411 1155 1219 1091 1027 3075 3139 3267 3203 3459 3523 3395 3331 3843 3907 4035 3971 3715 3779 3651 3587 2563 2627 2755 2691 2947 3011 2883 2819 2307 2371 2499 2435 2179 2243 2115 2051 
2 66 194 130 386 450 322 258 770 834 962 898 642 706 578 514 1538 1602 1730 1666 1922 1986 1858 1794 1282 1346 1474 1410 1154 1218 1090 1026 3074 3138 3266 3202 3458 3522 3394 3330 3842 3906 4034 3970 3714 3778 3650 3586 2562 2626 2754 2690 2946 3010 2882 2818 2306 2370 2498 2434 2178 2242 2114 2050 
6 70 198 134 390 454 326 262 774 838 966 902 646 710 582 518 1542 1606 1734 1670 1926 1990 1862 1798 1286 1350 1478 1414 1158 1222 1094 1030 3078 3142 3270 3206 3462 3526 3398 3334 3846 3910 4038 3974 3718 3782 3654 3590 2566 2630 2758 2694 2950 3014 2886 2822 2310 2374 2502 2438 2182 2246 2118 2054 
7 71 199 135 391 455 327 263 775 839 967 903 647 711 583 519 1543 1607 1735 1671 1927 1991 1863 1799 1287 1351 1479 1415 1159 1223 1095 1031 3079 3143 3271 3207 3463 3527 3399 3335 3847 3911 4039 3975 3719 3783 3655 3591 2567 2631 2759 2695 2951 3015 2887 2823 2311 2375 2503 2439 2183 2247 2119 2055 
5 69 197 133 389 453 325 261 773 837 965 901 645 709 581 517 1541 1605 1733 1669 1925 1989 1861 1797 1285 1349 1477 1413 1157 1221 1093 1029 3077 3141 3269 3205 3461 3525 3397 3333 3845 3909 4037 3973 3717 3781 3653 3589 2565 2629 2757 2693 2949 3013 2885 2821 2309 2373 2501 2437 2181 2245 2117 2053 
4 68 196 132 388 452 324 260 772 836 964 900 644 708 580 516 1540 1604 1732 1668 1924 1988 1860 1796 1284 1348 1476 1412 1156 1220 1092 1028 3076 3140 3268 3204 3460 3524 3396 3332 3844 3908 4036 3972 3716 3780 3652 3588 2564 2628 2756 2692 2948 3012 2884 2820 2308 2372 2500 2436 2180 2244 2116 2052 
12 76 204 140 396 460 332 268 780 844 972 908 652 716 588 524 1548 1612 1740 1676 1932 1996 1868 1804 1292 1356 1484 1420 1164 1228 1100 1036 3084 3148 3276 3212 3468 3532 3404 3340 3852 3916 4044 3980 3724 3788 3660 3596 2572 2636 2764 2700 2956 3020 2892 2828 2316 2380 2508 2444 2188 2252 2124 2060 
13 77 205 141 397 461 333 269 781 845 973 909 653 717 589 525 1549 1613 1741 1677 1933 1997 1869 1805 1293 1357 1485 1421 1165 1229 1101 1037 3085 3149 3277 3213 3469 3533 3405 3341 3853 3917 4045 3981 3725 3789 3661 3597 2573 2637 2765 2701 2957 3021 2893 2829 2317 2381 2509 2445 2189 2253 2125 2061 
15 79 207 143 399 463 335 271 783 847 975 911 655 719 591 527 1551 1615 1743 1679 1935 1999 1871 1807 1295 1359 1487 1423 1167 1231 1103 1039 3087 3151 3279 3215 3471 3535 3407 3343 3855 3919 4047 3983 3727 3791 3663 3599 2575 2639 2767 2703 2959 3023 2895 2831 2319 2383 2511 2447 2191 2255 2127 2063 
14 78 206 142 398 462 334 270 782 846 974 910 654 718 590 526 1550 1614 1742 1678 1934 1998 1870 1806 1294 1358 1486 1422 1166 1230 1102 1038 3086 3150 3278 3214 3470 3534 3406 3342 3854 3918 4046 3982 3726 3790 3662 3598 2574 2638 2766 2702 2958 3022 2894 2830 2318 2382 2510 2446 2190 2254 2126 2062 
10 74 202 138 394 458 330 266 778 842 970 906 650 714 586 522 1546 1610 1738 1674 1930 1994 1866 1802 1290 1354 1482 1418 1162 1226 1098 1034 3082 3146 3274 3210 3466 3530 3402 3338 3850 3914 4042 3978 3722 3786 3658 3594 2570 2634 2762 2698 2954 3018 2890 2826 2314 2378 2506 2442 2186 2250 2122 2058 
11 75 203 139 395 459 331 267 779 843 971 907 651 715 587 523 1547 1611 1739 1675 1931 1995 1867 1803 1291 1355 1483 1419 1163 1227 1099 1035 3083 3147 3275 3211 3467 3531 3403 3339 3851 3915 4043 3979 3723 3787 3659 3595 2571 2635 2763 2699 2955 3019 2891 2827 2315 2379 2507 2443 2187 2251 2123 2059 
9 73 201 137 393 457 329 265 777 841 969 905 649 713 585 521 1545 1609 1737 1673 1929 1993 1865 1801 1289 1353 1481 1417 1161 1225 1097 1033 3081 3145 3273 3209 3465 3529 3401 3337 3849 3913 4041 3977 3721 3785 3657 3593 2569 2633 2761 2697 2953 3017 2889 2825 2313 2377 2505 2441 2185 2249 2121 2057 
8 72 200 136 392 456 328 264 776 840 968 904 648 712 584 520 1544 1608 1736 1672 1928 1992 1864 1800 1288 1352 1480 1416 1160 1224 1096 1032 3080 3144 3272 3208 3464 3528 3400 3336 3848 3912 4040 3976 3720 3784 3656 3592 2568 2632 2760 2696 2952 3016 2888 2824 2312 2376 2504 2440 2184 2248 2120 2056 
24 88 216 152 408 472 344 280 792 856 984 920 664 728 600 536 1560 1624 1752 1688 1944 2008 1880 1816 1304 1368 1496 1432 1176 1240 1112 1048 3096 3160 3288 3224 3480 3544 3416 3352 3864 3928 4056 3992 3736 3800 3672 3608 2584 2648 2776 2712 2968 3032 2904 2840 2328 2392 2520 2456 2200 2264 2136 2072 
25 89 217 153 409 473 345 281 793 857 985 921 665 729 601 537 1561 1625 1753 1689 1945 2009 1881 1817 1305 1369 1497 1433 1177 1241 1113 1049 3097 3161 3289 3225 3481 3545 3417 3353 3865 3929 4057 3993 3737 3801 3673 3609 2585 2649 2777 2713 2969 3033 2905 2841 2329 2393 2521 2457 2201 2265 2137 2073 
27 91 219 155 411 475 347 283 795 859 987 923 667 731 603 539 1563 1627 1755 1691 1947 2011 1883 1819 1307 1371 1499 1435 1179 1243 1115 1051 3099 3163 3291 3227 3483 3547 3419 3355 3867 3931 4059 3995 3739 3803 3675 3611 2587 2651 2779 2715 2971 3035 2907 2843 2331 2395 2523 2459 2203 2267 2139 2075 
26 90 218 154 410 474 346 282 794 858 986 922 666 730 602 538 1562 1626 1754 1690 1946 2010 1882 1818 1306 1370 1498 1434 1178 1242 1114 1050 3098 3162 3290 3226 3482 3546 3418 3354 3866 3930 4058 3994 3738 3802 3674 3610 2586 2650 2778 2714 2970 3034 2906 2842 2330 2394 2522 2458 2202 2266 2138 2074 
30 94 222 158 414 478 350 286 798 862 990 926 670 734 606 542 1566 1630 1758 1694 1950 2014 1886 1822 1310 1374 1502 1438 1182 1246 1118 1054 3102 3166 3294 3230 3486 3550 3422 3358 3870 3934 4062 3998 3742 3806 3678 3614 2590 2654 2782 2718 2974 3038 2910 2846 2334 2398 2526 2462 2206 2270 2142 2078 
31 95 223 159 415 479 351 287 799 863 991 927 671 735 607 543 1567 1631 1759 1695 1951 2015 1887 1823 1311 1375 1503 1439 1183 1247 1119 1055 3103 3167 3295 3231 3487 3551 3423 3359 3871 3935 4063 3999 3743 3807 3679 3615 2591 2655 2783 2719 2975 3039 2911 2847 2335 2399 2527 2463 2207 2271 2143 2079 
29 93 221 157 413 477 349 285 797 861 989 925 669 733 605 541 1565 1629 1757 1693 1949 2013 1885 1821 1309 1373 1501 1437 1181 1245 1117 1053 3101 3165 3293 3229 3485 3549 3421 3357 3869 3933 4061 3997 3741 3805 3677 3613 2589 2653 2781 2717 2973 3037 2909 2845 2333 2397 2525 2461 2205 2269 2141 2077 
28 92 220 156 412 476 348 284 796 860 988 924 668 732 604 540 1564 1628 1756 1692 1948 2012 1884 1820 1308 1372 1500 1436 1180 1244 1116 1052 3100 3164 3292 3228 3484 3548 3420 3356 3868 3932 4060 3996 3740 3804 3676 3612 2588 2652 2780 2716 2972 3036 2908 2844 2332 2396 2524 2460 2204 2268 2140 2076 
20 84 212 148 404 468 340 276 788 852 980 916 660 724 596 532 1556 1620 1748 1684 1940 2004 1876 1812 1300 1364 1492 1428 1172 1236 1108 1044 3092 3156 3284 3220 3476 3540 3412 3348 3860 3924 4052 3988 3732 3796 3668 3604 2580 2644 2772 2708 2964 3028 2900 2836 2324 2388 2516 2452 2196 2260 2132 2068 
21 85 213 149 405 469 341 277 789 853 981 917 661 725 597 533 1557 1621 1749 1685 1941 2005 1877 1813 1301 1365 1493 1429 1173 1237 1109 1045 3093 3157 3285 3221 3477 3541 3413 3349 3861 3925 4053 3989 3733 3797 3669 3605 2581 2645 2773 2709 2965 3029 2901 2837 2325 2389 2517 2453 2197 2261 2133 2069 
23 87 215 151 407 471 343 279 791 855 983 919 663 727 599 535 1559 1623 1751 1687 1943 2007 1879 1815 1303 1367 1495 1431 1175 1239 1111 1047 3095 3159 3287 3223 3479 3543 3415 3351 3863 3927 4055 3991 3735 3799 3671 3607 2583 2647 2775 2711 2967 3031 2903 2839 2327 2391 2519 2455 2199 2263 2135 2071 
22 86 214 150 406 470 342 278 790 854 982 918 662 726 598 534 1558 1622 1750 1686 1942 2006 1878 1814 1302 1366 1494 1430 1174 1238 1110 1046 3094 3158 3286 3222 3478 3542 3414 3350 3862 3926 4054 3990 3734 3798 3670 3606 2582 2646 2774 2710 2966 3030 2902 2838 2326 2390 2518 2454 2198 2262 2134 2070 
18 82 210 146 402 466 338 274 786 850 978 914 658 722 594 530 1554 1618 1746 1682 1938 2002 1874 1810 1298 1362 1490 1426 1170 1234 1106 1042 3090 3154 3282 3218 3474 3538 3410 3346 3858 3922 4050 3986 3730 3794 3666 3602 2578 2642 2770 2706 2962 3026 2898 2834 2322 2386 2514 2450 2194 2258 2130 2066 
19 83 211 147 403 467 339 275 787 851 979 915 659 723 595 531 1555 1619 1747 1683 1939 2003 1875 1811 1299 1363 1491 1427 1171 1235 1107 1043 3091 3155 3283 3219 3475 3539 3411 3347 3859 3923 4051 3987 3731 3795 3667 3603 2579 2643 2771 2707 2963 3027 2899 2835 2323 2387 2515 2451 2195 2259 2131 2067 
17 81 209 145 401 465 337 273 785 849 977 913 657 721 593 529 1553 1617 1745 1681 1937 2001 1873 1809 1297 1361 1489 1425 1169 1233 1105 1041 3089 3153 3281 3217 3473 3537 3409 3345 3857 3921 4049 3985 3729 3793 3665 3601 2577 2641 2769 2705 2961 3025 2897 2833 2321 2385 2513 2449 2193 2257 2129 2065 
16 80 208 144 400 464 336 272 784 848 976 912 656 720 592 528 1552 1616 1744 1680 1936 2000 1872 1808 1296 1360 1488 1424 1168 1232 1104 1040 3088 3152 3280 3216 3472 3536 3408 3344 3856 3920 4048 3984 3728 3792 3664 3600 2576 2640 2768 2704 2960 3024 2896 2832 2320 2384 2512 2448 2192 2256 2128 2064 
48 112 240 176 432 496 368 304 816 880 1008 944 688 752 624 560 1584 1648 1776 1712 1968 2032 1904 1840 1328 1392 1520 1456 1200 1264 1136 1072 3120 3184 3312 3248 3504 3568 3440 3376 3888 3952 4080 4016 3760 3824 3696 3632 2608 2672 2800 2736 2992 3056 2928 2864 2352 2416 2544 2480 2224 2288 2160 2096 
49 113 241 177 433 497 369 305 817 881 1009 945 689 753 625 561 1585 1649 1777 1713 1969 2033 1905 1841 1329 1393 1521 1457 1201 1265 1137 1073 3121 3185 3313 3249 3505 3569 3441 3377 3889 3953 4081 4017 3761 3825 3697 3633 2609 2673 2801 2737 2993 3057 2929 2865 2353 2417 2545 2481 2225 2289 2161 2097 
51 115 243 179 435 499 371 307 819 883 1011 947 691 755 627 563 1587 1651 1779 1715 1971 2035 1907 1843 1331 1395 1523 1459 1203 1267 1139 1075 3123 3187 3315 3251 3507 3571 3443 3379 3891 3955 4083 4019 3763 3827 3699 3635 2611 2675 2803 2739 2995 3059 2931 2867 2355 2419 2547 2483 2227 2291 2163 2099 
50 114 242 178 434 498 370 306 818 882 1010 946 690 754 626 562 1586 1650 1778 1714 1970 2034 1906 1842 1330 1394 1522 1458 1202 1266 1138 1074 3122 3186 3314 3250 3506 3570 3442 3378 3890 3954 4082 4018 3762 3826 3698 3634 2610 2674 2802 2738 2994 3058 2930 2866 2354 2418 2546 2482 2226 2290 2162 2098 
54 118 246 182 438 502 374 310 822 886 1014 950 694 758 630 566 1590 1654 1782 1718 1974 2038 1910 1846 1334 1398 1526 1462 1206 1270 1142 1078 3126 3190 3318 3254 3510 3574 3446 3382 3894 3958 4086 4022 3766 3830 3702 3638 2614 2678 2806 2742 2998 3062 2934 2870 2358 2422 2550 2486 2230 2294 2166 2102 
55 119 247 183 439 503 375 311 823 887 1015 951 695 759 631 567 1591 1655 1783 1719 1975 2039 1911 1847 1335 1399 1527 1463 1207 1271 1143 1079 3127 3191 3319 3255 3511 3575 3447 3383 3895 3959 4087 4023 3767 3831 3703 3639 2615 2679 2807 2743 2999 3063 2935 2871 2359 2423 2551 2487 2231 2295 2167 2103 
53 117 245 181 437 501 373 309 821 885 1013 949 693 757 629 565 1589 1653 1781 1717 1973 2037 1909 1845 1333 1397 1525 1461 1205 1269 1141 1077 3125 3189 3317 3253 3509 3573 3445 3381 3893 3957 4085 4021 3765 3829 3701 3637 2613 2677 2805 2741 2997 3061 2933 2869 2357 2421 2549 2485 2229 2293 2165 2101 
52 116 244 180 436 500 372 308 820 884 1012 948 692 756 628 564 1588 1652 1780 1716 1972 2036 1908 1844 1332 1396 1524 1460 1204 1268 1140 1076 3124 3188 3316 3252 3508 3572 3444 3380 3892 3956 4084 4020 3764 3828 3700 3636 2612 2676 2804 2740 2996 3060 2932 2868 2356 2420 2548 2484 2228 2292 2164 2100 
60 124 252 188 444 508 380 316 828 892 1020 956 700 764 636 572 1596 1660 1788 1724 1980 2044 1916 1852 1340 1404 1532 1468 1212 1276 1148 1084 3132 3196 3324 3260 3516 3580 3452 3388 3900 3964 4092 4028 3772 3836 3708 3644 2620 2684 2812 2748 3004 3068 2940 2876 2364 2428 2556 2492 2236 2300 2172 2108 
61 125 253 189 445 509 381 317 829 893 1021 957 701 765 637 573 1597 1661 1789 1725 1981 2045 1917 1853 1341 1405 1533 1469 1213 1277 1149 1085 3133 3197 3325 3261 3517 3581 3453 3389 3901 3965 4093 4029 3773 3837 3709 3645 2621 2685 2813 2749 3005 3069 2941 2877 2365 2429 2557 2493 2237 2301 2173 2109 
63 127 255 191 447 511 383 319 831 895 1023 959 703 767 639 575 1599 1663 1791 1727 1983 2047 1919 1855 1343 1407 1535 1471 1215 1279 1151 1087 3135 3199 3327 3263 3519 3583 3455 3391 3903 3967 4095 4031 3775 3839 3711 3647 2623 2687 2815 2751 3007 3071 2943 2879 2367 2431 2559 2495 2239 2303 2175 2111 
62 126 254 190 446 510 382 318 830 894 1022 958 702 766 638 574 1598 1662 1790 1726 1982 2046 1918 1854 1342 1406 1534 1470 1214 1278 1150 1086 3134 3198 3326 3262 3518 3582 3454 3390 3902 3966 4094 4030 3774 3838 3710 3646 2622 2686 2814 2750 3006 3070 2942 2878 2366 2430 2558 2494 2238 2302 2174 2110 
58 122 250 186 442 506 378 314 826 890 1018 954 698 762 634 570 1594 1658 1786 1722 1978 2042 1914 1850 1338 1402 1530 1466 1210 1274 1146 1082 3130 3194 3322 3258 3514 3578 3450 3386 3898 3962 4090 4026 3770 3834 3706 3642 2618 2682 2810 2746 3002 3066 2938 2874 2362 2426 2554 2490 2234 2298 2170 2106 
59 123 251 187 443 507 379 315 827 891 1019 955 699 763 635 571 1595 1659 1787 1723 1979 2043 1915 1851 1339 1403 1531 1467 1211 1275 1147 1083 3131 3195 3323 3259 3515 3579 3451 3387 3899 3963 4091 4027 3771 3835 3707 3643 2619 2683 2811 2747 3003 3067 2939 2875 2363 2427 2555 2491 2235 2299 2171 2107 
57 121 249 185 441 505 377 313 825 889 1017 953 697 761 633 569 1593 1657 1785 1721 1977 2041 1913 1849 1337 1401 1529 1465 1209 1273 1145 1081 3129 3193 3321 3257 3513 3577 3449 3385 3897 3961 4089 4025 3769 3833 3705 3641 2617 2681 2809 2745 3001 3065 2937 2873 2361 2425 2553 2489 2233 2297 2169 2105 
56 120 248 184 440 504 376 312 824 888 1016 952 696 760 632 568 1592 1656 1784 1720 1976 2040 1912 1848 1336 1400 1528 1464 1208 1272 1144 1080 3128 3192 3320 3256 3512 3576 3448 3384 3896 3960 4088 4024 3768 3832 3704 3640 2616 2680 2808 2744 3000 3064 2936 2872 2360 2424 2552 2488 2232 2296 2168 2104 
40 104 232 168 424 488 360 296 808 872 1000 936 680 744 616 552 1576 1640 1768 1704 1960 2024 1896 1832 1320 1384 1512 1448 1192 1256 1128 1064 3112 3176 3304 3240 3496 3560 3432 3368 3880 3944 4072 4008 3752 3816 3688 3624 2600 2664 2792 2728 2984 3048 2920 2856 2344 2408 2536 2472 2216 2280 2152 2088 
41 105 233 169 425 489 361 297 809 873 1001 937 681 745 617 553 1577 1641 1769 1705 1961 2025 1897 1833 1321 1385 1513 1449 1193 1257 1129 1065 3113 3177 3305 3241 3497 3561 3433 3369 3881 3945 4073 4009 3753 3817 3689 3625 2601 2665 2793 2729 2985 3049 2921 2857 2345 2409 2537 2473 2217 2281 2153 2089 
43 107 235 171 427 491 363 299 811 875 1003 939 683 747 619 555 1579 1643 1771 1707 1963 2027 1899 1835 1323 1387 1515 1451 1195 1259 1131 1067 3115 3179 3307 3243 3499 3563 3435 3371 3883 3947 4075 4011 3755 3819 3691 3627 2603 2667 2795 2731 2987 3051 2923 2859 2347 2411 2539 2475 2219 2283 2155 2091 
42 106 234 170 426 490 362 298 810 874 1002 938 682 746 618 554 1578 1642 1770 1706 1962 2026 1898 1834 1322 1386 1514 1450 1194 1258 1130 1066 3114 3178 3306 3242 3498 3562 3434 3370 3882 3946 4074 4010 3754 3818 3690 3626 2602 2666 2794 2730 2986 3050 2922 2858 2346 2410 2538 2474 2218 2282 2154 2090 
46 110 238 174 430 494 366 302 814 878 1006 942 686 750 622 558 1582 1646 1774 1710 1966 2030 1902 1838 1326 1390 1518 1454 1198 1262 1134 1070 3118 3182 3310 3246 3502 3566 3438 3374 3886 3950 4078 4014 3758 3822 3694 3630 2606 2670 2798 2734 2990 3054 2926 2862 2350 2414 2542 2478 2222 2286 2158 2094 
47 111 239 175 431 495 367 303 815 879 1007 943 687 751 623 559 1583 1647 1775 1711 1967 2031 1903 1839 1327 1391 1519 1455 1199 1263 1135 1071 3119 3183 3311 3247 3503 3567 3439 3375 3887 3951 4079 4015 3759 3823 3695 3631 2607 2671 2799 2735 2991 3055 2927 2863 2351 2415 2543 2479 2223 2287 2159 2095 
45 109 237 173 429 493 365 301 813 877 1005 941 685 749 621 557 1581 1645 1773 1709 1965 2029 1901 1837 1325 1389 1517 1453 1197 1261 1133 1069 3117 3181 3309 3245 3501 3565 3437 3373 3885 3949 4077 4013 3757 3821 3693 3629 2605 2669 2797 2733 2989 3053 2925 2861 2349 2413 2541 2477 2221 2285 2157 2093 
44 108 236 172 428 492 364 300 812 876 1004 940 684 748 620 556 1580 1644 1772 1708 1964 2028 1900 1836 1324 1388 1516 1452 1196 1260 1132 1068 3116 3180 3308 3244 3500 3564 3436 3372 3884 3948 4076 4012 3756 3820 3692 3628 2604 2668 2796 2732 2988 3052 2924 2860 2348 2412 2540 2476 2220 2284 2156 2092 
36 100 228 164 420 484 356 292 804 868 996 932 676 740 612 548 1572 1636 1764 1700 1956 2020 1892 1828 1316 1380 1508 1444 1188 1252 1124 1060 3108 3172 3300 3236 3492 3556 3428 3364 3876 3940 4068 4004 3748 3812 3684 3620 2596 2660 2788 2724 2980 3044 2916 2852 2340 2404 2532 2468 2212 2276 2148 2084 
37 101 229 165 421 485 357 293 805 869 997 933 677 741 613 549 1573 1637 1765 1701 1957 2021 1893 1829 1317 1381 1509 1445 1189 1253 1125 1061 3109 3173 3301 3237 3493 3557 3429 3365 3877 3941 4069 4005 3749 3813 3685 3621 2597 2661 2789 2725 2981 3045 2917 2853 2341 2405 2533 2469 2213 2277 2149 2085 
39 103 231 167 423 487 359 295 807 871 999 935 679 743 615 551 1575 1639 1767 1703 1959 2023 1895 1831 1319 1383 1511 1447 1191 1255 1127 1063 3111 3175 3303 3239 3495 3559 3431 3367 3879 3943 4071 4007 3751 3815 3687 3623 2599 2663 2791 2727 2983 3047 2919 2855 2343 2407 2535 2471 2215 2279 2151 2087 
38 102 230 166 422 486 358 294 806 870 998 934 678 742 614 550 1574 1638 1766 1702 1958 2022 1894 1830 1318 1382 1510 1446 1190 1254 1126 1062 3110 3174 3302 3238 3494 3558 3430 3366 3878 3942 4070 4006 3750 3814 3686 3622 2598 2662 2790 2726 2982 3046 2918 2854 2342 2406 2534 2470 2214 2278 2150 2086 
34 98 226 162 418 482 354 290 802 866 994 930 674 738 610 546 1570 1634 1762 1698 1954 2018 1890 1826 1314 1378 1506 1442 1186 1250 1122 1058 3106 3170 3298 3234 3490 3554 3426 3362 3874 3938 4066 4002 3746 3810 3682 3618 2594 2658 2786 2722 2978 3042 2914 2850 2338 2402 2530 2466 2210 2274 2146 2082 
35 99 227 163 419 483 355 291 803 867 995 931 675 739 611 547 1571 1635 1763 1699 1955 2019 1891 1827 1315 1379 1507 1443 1187 1251 1123 1059 3107 3171 3299 3235 3491 3555 3427 3363 3875 3939 4067 4003 3747 3811 3683 3619 2595 2659 2787 2723 2979 3043 2915 2851 2339 2403 2531 2467 2211 2275 2147 2083 
33 97 225 161 417 481 353 289 801 865 993 929 673 737 609 545 1569 1633 1761 1697 1953 2017 1889 1825 1313 1377 1505 1441 1185 1249 1121 1057 3105 3169 3297 3233 3489 3553 3425 3361 3873 3937 4065 4001 3745 3809 3681 3617 2593 2657 2785 2721 2977 3041 2913 2849 2337 2401 2529 2465 2209 2273 2145 2081 
32 96 224 160 416 480 352 288 800 864 992 928 672 736 608 544 1568 1632 1760 1696 1952 2016 1888 1824 1312 1376 1504 1440 1184 1248 1120 1056 3104 3168 3296 3232 3488 3552 3424 3360 3872 3936 4064 4000 3744 3808 3680 3616 2592 2656 2784 2720 2976 3040 2912 2848 2336 2400 2528 2464 2208 2272 2144 2080 
